22275
4670
10598
1475
18688
11374
10175
3293
8333
10497
6917
1166
4703
9301
24385
9357
20543
23985
15983
32227
17831
30868
30299
4149
7600
3677
730
19259
19829
30209
20154
7638
26842
30642
21520
8814
453
14561
18503
14169
18030
32679
18142
11352
20845
28344
31200
24928
7882
8077
6652
8459
3168
19038
21948
22646
28771
11182
2020
16561
18881
30575
22543
29870
3432
31702
22176
187
19642
7050
19600
8301
10917
24083
32106
2434
26847
23538
16138
515
25616
31048
13047
10809
17271
32062
12906
29038
9007
11230
6556
253
64
12842
10177
8168
4358
23541
28226
890
6469
17196
21303
1416
223
27799
25218
4955
28057
13812
22506
31012
28496
6335
23168
23712
19583
31473
16326
2253
30280
10198
282
3338
13170
16588
12619
32627
8260
31334
26707
28494
15725
32288
8312
31749
31610
20208
18862
31923
310
8965
26853
14558
12032
28202
17694
27585
10508
2090
